0	0
92	21.0
199	11.9
304	11.0
404	2.4000000000000004
515	25.4
625	11.4
737	12.4
837	7.0
950	10.4
1054	5.0
1158	10.0
1261	13.5
1371	3.0
1475	7.0
1583	16.0
1683	1.5
1782	6.8
1886	10.0
2042	2.0
2143	9.4
2251	24.5
2358	9.5
2464	-1.5
2570	4.0
2665	10.0
2779	16.0
2887	15.0
2991	13.0
3103	4.5
3209	9.5
3307	17.5
3389	0.0
3492	1.0
3604	20.0
3714	15.0
3823	21.0
3921	12.0
4027	3.4
4137	8.4
4243	14.0
4351	21.0
4459	29.5
4565	13.5
4675	9.5
4786	18.0
4896	0.5
5063	18.0
5174	25.0
5279	17.0
5371	6.0
5479	23.0
5589	9.0
5693	10.4
5791	1.0
5899	3.4000000000000004
6089	0
6194	10.5
6299	14.5
6402	16.0
6507	9.4
6607	18.0
6713	13.0
6801	16.0
6913	13.0
7013	12.4
7128	18.0
7239	19.4
7339	25.0
7446	11.0
7553	22.0
7655	11.0
7763	27.0
7863	9.0
7965	27.4
8074	19.0
8178	13.4
8285	21.0
8392	6.0
8501	39.4
8609	17.5
8715	12.0
8828	7.0
8934	23.9
9031	9.9
9136	20.5
9238	22.0
9345	13.5
9453	11.5
9556	5.0
9660	9.4
9758	15.0
9864	11.0
9967	24.5
10066	17.5
10179	30.0
10254	16.0
10368	38.4
10478	28.0
10586	23.0
10694	20.4
10791	20.4
10897	34.0
11000	15.5
11100	18.0
11208	22.4
11316	19.9
11418	30.4
11523	11.0
11625	25.0
11728	10.0
11833	23.0
11941	28.0
12043	14.0
12147	21.5
12253	25.0
12473	11.0
12578	22.4
12687	14.799999999999999
12798	18.5
12963	14.0
13072	29.0
13183	22.0
13276	32.0
13376	20.4
13485	25.0
13589	17.5
13674	24.4
13774	25.4
13877	44.5
13979	25.5
14086	39.0
14194	35.0
14304	26.5
14412	29.0
14517	24.4
14628	26.0
14736	27.0
14845	31.0
14943	13.0
15104	14.0
15210	27.0
15326	22.5
15433	41.0
15534	23.4
15643	42.5
15754	18.5
15864	21.0
15975	24.5
16088	37.0
16197	36.4
16309	19.0
16409	25.5
16513	31.0
16614	21.4
16720	23.4
16821	27.0
16929	31.0
17037	17.5
17119	21.0
17250	7.0
17358	30.4
17470	17.4
17581	40.0
17683	32.4
17791	36.5
17903	49.0
18009	24.8
18114	8.0
18220	22.4
18329	31.4
18436	55.4
18547	23.0
18652	32.9
18753	36.0
18866	36.0
18977	28.0
19088	30.0
19197	38.4
19303	14.9
19407	20.5
19513	15.9
19624	38.0
19729	26.799999999999997
19835	29.0
19939	17.0
20050	32.0
20155	43.0
20288	11.4
20400	36.0
20508	43.0
20595	32.9
20699	17.5
20809	38.0
20916	32.0
21028	33.9
21151	14.0
21272	19.4
21367	19.0
21474	30.0
21577	52.0
21689	29.0
21796	21.4
21888	15.0
21993	24.0
22104	43.4
22202	34.0
22313	37.4
22415	39.0
22520	32.5
22634	38.0
22739	59.4
22853	28.5
22952	29.0
23058	28.799999999999997
23157	49.0
23257	11.4
23424	42.5
23527	16.0
23639	26.9
23751	38.4
23860	47.3
23964	36.0
24048	10.0
24194	13.0
24301	7.5
24414	48.4
24514	45.0
24617	36.8
24730	35.0
24835	19.4
24943	56.0
25055	46.0
25168	46.5
25351	9.8
25461	17.8
25561	23.0
25660	38.0
25767	20.8
25862	23.0
25960	33.5
26071	51.4
26182	35.9
26297	53.4
26392	18.4
26500	31.299999999999997
26605	33.8
26718	43.4
26810	34.0
26914	35.4
27022	32.0
27127	32.0
27227	32.5
27321	33.5
27424	34.3
27511	47.4
27616	34.9
27723	43.0
27820	21.0
27923	40.0
28029	37.4
28132	17.8
28236	48.4
28335	26.0
28446	34.5
28556	38.0
28664	40.0
28773	53.0
28880	54.0
28984	39.9
29080	24.0
29185	27.4
29294	32.4
29400	48.4
29505	37.5
29618	34.0
29727	24.0
29831	51.0
29940	54.0
30051	52.4
30150	33.5
30256	54.0
30356	20.0
30464	28.0
30572	48.0
30679	39.4
30775	22.5
30883	46.5
30968	32.0
31078	43.199999999999996
31189	38.0
31298	43.5
31413	55.0
31557	31.0
31663	49.0
31769	41.5
31878	35.5
31983	35.8
32092	43.0
32186	42.0
32296	38.8
32409	46.4
32522	38.0
32630	42.8
32758	49.5
32860	20.0
32967	47.0
33081	30.0
33191	39.0
33301	46.5
33397	40.0
33502	49.0
33603	36.0
33708	46.0
33805	28.4
33911	28.9
34010	28.0
34119	38.9
34231	43.0
34328	21.299999999999997
34436	59.4
34538	35.5
34654	56.5
34760	59.9
34855	18.0
34955	56.0
35053	31.799999999999997
35255	7.0
35353	41.0
35449	47.0
35559	34.4
35666	47.0
35766	40.5
35958	18.5
36102	34.0
36205	49.5
36411	29.4
36521	50.0
36698	17.5
36808	48.0
36916	47.4
37014	14.5
37122	33.0
37228	38.5
37328	29.4
37440	52.0
37639	22.0
37730	19.200000000000003
37842	53.0
37939	28.0
38051	45.0
38151	41.0
38247	31.0
38348	45.4
38459	60.4
38593	37.0
38702	39.5
38815	42.0
38926	56.0
39037	28.4
39209	4.4
39393	26.0
39502	52.5
39608	44.0
39713	31.3
39822	50.0
39930	24.0
40030	51.4
40132	35.5
40239	43.0
40419	21.0
40525	51.9
40630	40.9
40728	21.0
40830	42.0
40939	51.4
41149	5.0
41229	28.0
41337	47.0
41449	41.4
41538	43.0
41692	26.0
41798	28.5
41902	36.8
42006	45.5
42106	38.0
42324	22.0
42554	11.0
42655	48.5
42781	31.0
42888	36.9
42987	21.0
43096	53.0
43205	41.4
43318	28.299999999999997
43419	26.0
43525	49.4
43629	45.0
43740	25.9
43851	40.0
43958	41.0
44068	35.4
44170	55.0
44281	52.4
44385	43.4
44493	25.4
44577	36.5
44691	42.0
44788	24.0
44891	26.9
44985	24.0
45100	50.9
45335	8.0
45443	32.5
45553	67.4
45680	34.4
45788	65.9
45891	18.8
46023	43.4
46127	31.5
46232	51.0
46344	45.0
46452	53.0
46563	54.5
46678	51.0
46790	30.4
46894	28.5
47008	42.5
47114	47.0
47220	29.0
47329	55.4
47435	50.0
47531	50.4
47633	44.0
47741	47.8
47840	64.0
47950	48.0
48058	46.0
48142	41.0
48248	41.0
48356	54.9
48465	43.4
48572	66.0
48674	34.5
48780	38.9
48889	47.4
49003	38.0
49111	59.5
49223	23.0
49336	34.5
49435	37.0
49544	47.0
49709	22.0
49812	34.5
49909	19.4
50016	59.0
50117	54.5
50218	53.0
50324	35.0
50437	55.4
50545	62.0
50650	37.9
50760	58.5
50853	34.0
50952	28.0
51048	37.5
51159	48.5
51273	62.0
51377	47.0
51482	44.0
51566	28.0
51667	34.0
51810	41.4
52042	11.0
52151	55.0
52252	36.0
52356	32.4
52457	50.0
52566	57.0
52674	57.4
52866	22.5
52976	42.5
53166	22.4
53275	50.4
53385	45.4
53490	43.0
53596	45.9
53702	43.5
53808	50.199999999999996
54035	9.4
54137	47.5
54291	28.0
54388	37.0
54493	40.4
54603	57.0
54716	58.4
54820	36.0
54934	65.4
55013	29.4
55119	55.0
55219	23.0
55329	64.0
55505	34.0
55610	46.4
55722	47.4
55831	62.5
55936	59.0
56050	52.8
56160	50.4
56271	63.4
56369	29.0
56466	35.0
56572	32.9
56745	33.9
56848	70.0
56946	58.9
57061	48.4
57167	49.4
57289	53.0
57394	43.0
57502	52.9
57613	51.0
57718	44.4
57822	40.8
57934	54.9
58044	66.5
58143	36.5
58253	49.0
58356	63.0
58493	22.0
58605	62.0
58711	49.0
58822	68.0
58920	30.0
59029	55.0
59140	53.5
59248	51.4
59361	43.3
59468	49.4
59573	31.0
59680	59.0
59789	50.0
59898	58.3
60005	44.0
60110	60.0
60224	43.9
60316	59.0
60414	53.5
60562	31.0
60671	47.0
60775	28.0
60888	49.8
60995	42.0
61106	42.0
61217	56.0
61316	40.0
61419	47.0
61519	43.5
61614	60.4
61710	34.0
61796	53.4
61897	52.0
62011	56.0
62119	43.0
62228	56.5
62339	56.0
62451	61.8
62590	35.4
62697	52.0
62805	50.3
62906	55.199999999999996
63010	46.5
63228	13.5
63335	49.5
63493	35.4
63605	38.5
63710	55.0
63821	57.0
63926	54.4
64036	56.0
64142	49.0
64253	52.5
64475	7.0
64572	66.5
64680	41.0
64785	38.0
64971	31.4
65082	72.0
65182	50.0
65272	62.0
65375	53.4
65481	66.5
65593	50.0
65697	24.0
65807	55.4
65914	46.5
66027	50.0
66140	51.0
66236	50.3
66349	49.4
66468	28.0
66574	51.0
66686	54.4
66779	37.0
66888	67.0
66997	65.0
67148	25.0
67264	40.5
67373	50.8
67486	53.9
67581	50.0
67689	41.0
67792	54.5
67925	35.5
68033	26.4
68160	42.0
68261	46.0
68368	38.4
68481	28.0
68654	7.5
68749	33.5
68845	67.5
68948	42.5
69057	46.9
69168	36.4
69273	43.0
69375	26.9
69486	63.400000000000006
69702	13.5
69816	38.4
69923	62.0
70036	66.0
70140	32.0
70243	36.0
70359	49.0
70467	52.0
70588	31.0
70798	14.0
70911	63.0
71032	49.9
71135	42.9
71237	33.5
71334	56.5
71437	57.0
71539	52.0
71649	55.0
71792	46.4
71893	32.9
71986	25.0
72132	29.5
72236	39.4
72341	36.5
72445	31.4
72539	28.5
72650	46.4
72762	53.9
72872	44.0
72978	43.5
73090	23.0
73203	40.0
73297	22.5
73406	58.4
73551	22.9
73665	53.4
73877	13.0
73989	71.4
74093	53.0
74207	71.0
74362	24.4
74467	61.9
74576	62.4
74687	44.5
74813	30.5
74942	71.4
75111	28.5
75216	29.0
75327	35.5
75423	47.0
75525	16.9
75631	44.5
75742	48.5
75854	45.5
75965	46.4
76070	60.0
76173	45.5
76276	70.4
76519	7.0
76628	22.0
76741	45.4
76852	44.0
76948	38.0
77058	53.0
77171	59.4
77270	27.9
77375	45.0
77531	29.5
77644	72.0
77783	50.0
77893	46.0
77994	46.8
78053	46.0
78163	56.0
78264	35.9
78374	35.4
78477	50.8
78607	26.0
78697	37.9
78794	45.8
78884	70.0
78992	43.4
79096	51.9
79198	31.0
79294	35.0
79432	22.9
79542	50.4
79634	30.0
79882	11.5
79984	50.0
80144	21.5
80290	30.9
80398	64.5
80507	40.5
80619	46.0
80734	57.5
80848	52.4
80958	44.8
81064	55.8
81209	25.0
81314	42.0
81422	53.0
81523	65.80000000000001
81632	53.0
81732	41.0
81841	52.0
81947	39.0
82053	58.9
82166	26.4
82260	60.0
82366	37.9
82479	56.9
82633	32.0
82743	67.0
82850	54.0
82956	48.4
83070	76.0
83160	37.0
83264	58.0
83361	29.4
83540	20.0
83649	51.0
83751	52.8
83858	45.9
83960	44.0
84073	50.4
84212	39.4
84316	52.5
84423	58.4
84553	44.0
84660	35.5
84756	30.4
84863	44.9
84969	30.0
85082	44.0
85262	39.0
85365	49.0
85480	65.0
85659	9.0
85754	60.8
85868	36.5
85978	43.4
86088	64.4
86267	5.4
86473	16.0
86578	71.5
86712	34.5
86817	57.4
86913	31.4
87017	18.4
87122	54.0
87287	17.0
87501	20.4
87608	41.0
87724	50.0
87822	50.0
87927	59.4
88057	55.0
88159	50.0
88274	67.0
88378	46.9
88489	54.5
88645	39.5
88818	43.0
88928	58.4
89061	44.0
89162	44.0
89276	64.0
89386	51.5
89591	6.4
89705	54.9
89814	51.0
89916	54.9
90024	53.4
90130	41.0
90241	38.9
90345	58.0
90452	61.9
90567	54.0
90665	38.0
90768	32.0
90875	44.0
90987	44.0
91097	30.5
91195	46.0
91291	41.0
91402	51.9
91504	35.9
91716	19.0
91830	40.4
91979	47.0
92094	61.0
92198	40.4
92300	66.0
92413	52.0
92505	46.4
92613	48.0
92713	19.0
92826	59.0
92938	44.4
93051	46.9
93160	75.0
93293	49.0
93400	59.4
93511	59.4
93619	55.5
93727	48.0
93842	56.4
93956	48.0
94056	41.5
94225	29.0
94322	58.0
94430	52.0
94537	60.5
94637	34.0
94745	55.0
94859	61.4
95058	5.0
95166	69.0
95275	48.0
95365	31.0
95480	78.0
95586	55.0
95683	29.5
95762	36.0
95878	45.9
95961	43.4
96070	67.0
96184	64.4
96291	43.5
96484	40.0
96593	65.5
96742	41.5
96850	52.0
96960	48.0
97070	43.9
97182	68.0
97294	47.0
97407	45.4
97513	46.9
97672	44.0
97780	61.0
97890	58.0
98002	60.0
98099	32.8
98208	47.0
98301	60.5
98419	56.0
98527	54.5
98625	51.0
98722	45.0
98887	31.0
99027	34.4
99129	27.5
99243	49.4
99348	47.8
99438	58.0
99546	51.0
99657	44.0
99780	62.0
99875	39.0
100000	49.9
100106	56.8
100204	67.5
100310	58.5
100420	35.0
100512	49.0
100615	51.0
100729	61.0
100819	41.0
100930	57.0
101043	65.0
101150	59.0
101260	43.8
101403	30.0
101515	48.0
101617	39.4
101721	52.5
101830	63.5
101941	56.0
102069	30.0
102189	65.5
102290	41.0
102398	53.0
102498	71.0
102609	68.0
102742	17.0
102822	24.0
102929	56.0
103041	55.0
103270	15.0
103400	54.4
